-64.795477 -98.556924 -151.252954 1 1
-97.406156 -122.637950 -197.509876 1 1
-212.053567 -211.278771 -232.906978 2 1
-115.768087 -155.307292 -198.462501 1 1
-81.585976 -105.268759 -165.763937 1 1
-87.185953 -112.625010 -164.169154 1 1
-150.713607 -150.546619 -202.095734 2 1
-99.059081 -119.803735 -237.859328 1 1
-65.070769 -81.960705 -156.969208 1 1
-457.996724 -394.791051 -373.144612 3 1
-88.125869 -112.727751 -200.905733 1 1
-67.476055 -102.580309 -175.714403 1 1
-92.599039 -139.346209 -175.362736 1 1
-90.169702 -112.152804 -207.683209 1 1
-99.296195 -121.923827 -160.499839 1 1
-64.523787 -98.147083 -148.249988 1 1
-75.323148 -103.743446 -171.604553 1 1
-86.879987 -118.928001 -155.589718 1 1
-134.592374 -88.351802 -120.084579 2 2
-263.264603 -161.679117 -172.435443 2 2
-223.741952 -117.530766 -178.800245 2 2
-119.597519 -91.542927 -129.354593 2 2
-191.220335 -137.947979 -156.278937 2 2
-198.320055 -129.890915 -194.637691 2 2
-168.968365 -99.198248 -135.432869 2 2
-143.255527 -95.272687 -192.037659 2 2
-141.241939 -88.862192 -155.399021 2 2
-179.180564 -86.231358 -138.372864 2 2
-124.907842 -79.311644 -175.860651 2 2
-109.470029 -84.737665 -149.406718 2 2
-115.956284 -111.426041 -130.949189 2 2
-210.523744 -150.691882 -175.058170 2 2
-167.464055 -103.928527 -187.375023 2 2
-214.404431 -186.186653 -183.632801 3 2
-207.646123 -116.203487 -208.118024 2 2
-117.257713 -85.206645 -139.926913 2 2
-159.915219 -214.554904 -85.363248 3 3
-222.879543 -268.272949 -115.671379 3 3
-240.386341 -278.215966 -106.514642 3 3
-171.839952 -242.464141 -102.165640 3 3
-215.535257 -229.178109 -125.718231 3 3
-286.452360 -261.365157 -135.746708 3 3
-265.415117 -296.634458 -142.162803 3 3
-325.994067 -361.292121 -181.672026 3 3
-260.903336 -264.922833 -141.095508 3 3
-184.380541 -239.617541 -117.599877 3 3
-227.220522 -232.415361 -88.841083 3 3
-209.130529 -256.428609 -100.670014 3 3
-186.661070 -226.295504 -80.985680 3 3
-168.725841 -235.686415 -106.732513 3 3
-250.045601 -277.714663 -118.824982 3 3
-217.604850 -209.265057 -105.673740 3 3
-225.977389 -191.615199 -128.910152 3 3
-231.780211 -315.968085 -114.077673 3 3
