-93.415413 -221.864377 -225.624030 1 1
-146.510310 -275.193339 -278.643947 1 1
-247.257107 -351.828729 -341.814149 1 1
-170.429198 -405.669534 -294.968688 1 1
-129.971849 -289.726201 -252.395824 1 1
-139.284072 -366.528797 -252.016170 1 1
-203.397703 -327.850341 -250.263229 1 1
-179.652173 -387.614831 -330.918389 1 1
-107.589027 -298.922039 -224.998787 1 1
-457.325785 -649.882310 -525.873439 1 1
-124.742263 -374.757160 -274.878938 1 1
-110.768778 -281.593864 -247.965700 1 1
-122.916411 -309.269187 -261.363410 1 1
-132.227667 -349.377968 -278.510338 1 1
-142.307736 -327.331885 -243.329021 1 1
-112.481175 -235.499186 -202.318564 1 1
-130.337075 -249.790844 -255.916673 1 1
-100.331308 -256.734562 -243.162039 1 1
-192.629351 -125.528773 -150.997035 2 2
-266.384657 -196.591945 -204.341796 2 2
-268.106414 -182.204812 -239.752590 2 2
-204.493060 -118.770629 -161.985343 2 2
-246.387917 -189.564070 -196.120220 2 2
-288.612974 -218.755916 -235.459148 2 2
-240.863306 -132.080098 -171.675690 2 2
-229.999870 -142.338279 -220.805963 2 2
-201.565089 -145.310163 -195.205003 2 2
-214.844254 -138.086727 -174.702141 2 2
-203.042562 -120.843218 -200.697787 2 2
-185.105571 -122.090593 -177.676176 2 2
-179.134550 -178.291145 -181.041388 2 2
-292.970232 -203.626875 -239.217894 2 2
-248.725985 -151.462964 -239.084525 2 2
-273.636892 -315.537803 -240.839168 3 2
-294.459796 -208.920792 -290.381708 2 2
-189.822367 -132.861294 -176.734733 2 2
-209.519087 -293.905781 -142.230547 3 3
-321.108902 -333.951945 -164.892039 3 3
-325.782522 -348.652036 -161.186731 3 3
-243.469351 -317.653482 -156.368727 3 3
-244.966210 -352.354211 -181.981481 3 3
-368.844803 -356.051969 -225.292349 3 3
-313.387061 -335.124384 -193.623938 3 3
-418.046433 -405.335880 -243.507297 3 3
-330.541324 -328.414458 -175.008019 3 3
-273.597982 -338.239556 -168.100915 3 3
-276.642749 -299.274700 -151.361139 3 3
-275.935886 -324.454968 -141.273875 3 3
-237.699191 -288.455481 -123.474842 3 3
-221.036703 -295.564781 -156.099357 3 3
-319.262384 -344.183098 -170.830924 3 3
-252.457851 -297.947369 -182.569674 3 3
-314.661578 -250.266162 -213.166659 3 3
-302.088728 -406.139984 -179.411474 3 3
