-77.576739 -194.363097 -216.515370 1 1
-133.106611 -238.814348 -268.436336 1 1
-217.104480 -303.734919 -339.182348 1 1
-147.821255 -276.008662 -272.129504 1 1
-113.597448 -263.468627 -250.472249 1 1
-126.102716 -225.976454 -230.732361 1 1
-197.206159 -246.926416 -234.844437 1 1
-149.509690 -273.428124 -307.242718 1 1
-87.628330 -189.952039 -213.879216 1 1
-419.170608 -600.574622 -524.597832 1 1
-111.877032 -238.119132 -254.301798 1 1
-101.612356 -215.309080 -228.756896 1 1
-106.306450 -237.138015 -235.411172 1 1
-114.323361 -221.094297 -248.767713 1 1
-122.958462 -222.369357 -223.692221 1 1
-94.624188 -179.809757 -179.248569 1 1
-115.010882 -223.302159 -256.557321 1 1
-85.693514 -218.226372 -232.182561 1 1
-184.849825 -103.176991 -138.331701 2 2
-281.671036 -175.065121 -191.575353 2 2
-243.108487 -153.315233 -228.511052 2 2
-188.129534 -97.635771 -142.843585 2 2
-225.905970 -171.570353 -183.700373 2 2
-299.888161 -182.972779 -220.413384 2 2
-218.058542 -109.883572 -154.101748 2 2
-212.219456 -105.235825 -206.707655 2 2
-188.675040 -123.846473 -179.876017 2 2
-205.633450 -117.588007 -161.412630 2 2
-200.453405 -90.488255 -185.581815 2 2
-174.356081 -91.649751 -160.221625 2 2
-175.882370 -150.956842 -169.687103 2 2
-276.241954 -174.504182 -224.361144 2 2
-254.006799 -127.321865 -226.066573 2 2
-270.599516 -265.337524 -210.535364 3 2
-270.170701 -178.446114 -276.907054 2 2
-184.073646 -97.898426 -165.116092 2 2
-192.285129 -271.390243 -124.012939 3 3
-313.245866 -320.749877 -137.480029 3 3
-313.050644 -347.726045 -133.085183 3 3
-228.352204 -311.302623 -126.365320 3 3
-230.395534 -306.385848 -167.821117 3 3
-383.117837 -319.592886 -208.678248 3 3
-307.154311 -325.532555 -183.252102 3 3
-391.214375 -366.125439 -211.568201 3 3
-316.678502 -311.734364 -135.434514 3 3
-263.810776 -321.061375 -138.979729 3 3
-264.686620 -285.803336 -114.395056 3 3
-275.019767 -312.212606 -101.701022 3 3
-240.679926 -284.890538 -101.070199 3 3
-214.478827 -276.373328 -126.018837 3 3
-315.191427 -328.060328 -145.944336 3 3
-241.644072 -239.906723 -155.557230 3 3
-303.109207 -279.635242 -172.605355 3 3
-298.514941 -392.223455 -156.288131 3 3
